==PROF== Connected to process 6061 (/content/EE451_ParallelPrefixScanProject/Results/profile_run_colab_20260428_201442/bin/profile_driver)
==PROF== Disconnected from process 6061
"ID","Process ID","Process Name","Host Name","Kernel Name","Context","Stream","Block Size","Grid Size","Device","CC","c2clink__enabled_mask","c2clink__present","derived__pct_occupancy_per_block_size","derived__pct_occupancy_per_register_count","derived__pct_occupancy_per_shared_mem_size","derived_tempMetric0","device__attribute_architecture","device__attribute_async_engine_count","device__attribute_can_flush_remote_writes","device__attribute_can_map_host_memory","device__attribute_can_tex2d_gather","device__attribute_can_use_64_bit_stream_mem_ops","device__attribute_can_use_64_bit_stream_mem_ops_v1","device__attribute_can_use_host_pointer_for_registered_mem","device__attribute_can_use_stream_mem_ops_v1","device__attribute_can_use_stream_wait_value_nor","device__attribute_can_use_stream_wait_value_nor_v1","device__attribute_chip","device__attribute_clock_rate","device__attribute_cluster_launch","device__attribute_compute_capability_major","device__attribute_compute_capability_minor","device__attribute_compute_mode","device__attribute_compute_preemption_supported","device__attribute_concurrent_kernels","device__attribute_concurrent_managed_access","device__attribute_confidential_computing_mode","device__attribute_cooperative_launch","device__attribute_cooperative_multi_device_launch","device__attribute_deferred_mapping_cuda_array_supported","device__attribute_device_index","device__attribute_direct_managed_mem_access_from_host","device__attribute_display_name","device__attribute_dma_buf_supported","device__attribute_ecc_enabled","device__attribute_fb_bus_width","device__attribute_fbp_count","device__attribute_generic_compression_supported","device__attribute_global_l1_cache_supported","device__attribute_global_memory_bus_width","device__attribute_gpu_direct_rdma_flush_writes_options","device__attribute_gpu_direct_rdma_supported","device__attribute_gpu_direct_rdma_with_cuda_vmm_supported","device__attribute_gpu_direct_rdma_writes_ordering","device__attribute_gpu_overlap","device__attribute_gpu_pci_device_id","device__attribute_gpu_pci_ext_device_id","device__attribute_gpu_pci_ext_downstream_link_rate","device__attribute_gpu_pci_ext_downstream_link_width","device__attribute_gpu_pci_ext_gen","device__attribute_gpu_pci_ext_gpu_gen","device__attribute_gpu_pci_ext_gpu_link_rate","device__attribute_gpu_pci_ext_gpu_link_width","device__attribute_gpu_pci_revision_id","device__attribute_gpu_pci_sub_system_id","device__attribute_handle_type_fabric_supported","device__attribute_handle_type_posix_file_descriptor_supported","device__attribute_handle_type_win32_handle_supported","device__attribute_handle_type_win32_kmt_handle_supported","device__attribute_host_native_atomic_supported","device__attribute_host_numa_id","device__attribute_host_register_supported","device__attribute_implementation","device__attribute_integrated","device__attribute_ipc_event_supported","device__attribute_kernel_exec_timeout","device__attribute_l2_cache_size","device__attribute_l2s_count","device__attribute_limits_max_cta_per_sm","device__attribute_limits_num_tpcs","device__attribute_local_l1_cache_supported","device__attribute_managed_memory","device__attribute_max_access_policy_window_size","device__attribute_max_block_dim_x","device__attribute_max_block_dim_y","device__attribute_max_block_dim_z","device__attribute_max_blocks_per_multiprocessor","device__attribute_max_gpu_frequency_khz","device__attribute_max_grid_dim_x","device__attribute_max_grid_dim_y","device__attribute_max_grid_dim_z","device__attribute_max_ipc_per_multiprocessor","device__attribute_max_ipc_per_scheduler","device__attribute_max_mem_frequency_khz","device__attribute_max_persisting_l2_cache_size","device__attribute_max_pitch","device__attribute_max_registers_per_block","device__attribute_max_registers_per_multiprocessor","device__attribute_max_registers_per_thread","device__attribute_max_shared_memory_per_block","device__attribute_max_shared_memory_per_block_optin","device__attribute_max_shared_memory_per_multiprocessor","device__attribute_max_threads_per_block","device__attribute_max_threads_per_multiprocessor","device__attribute_max_warps_per_multiprocessor","device__attribute_max_warps_per_scheduler","device__attribute_maximum_surface1d_layered_layers","device__attribute_maximum_surface1d_layered_width","device__attribute_maximum_surface1d_width","device__attribute_maximum_surface2d_height","device__attribute_maximum_surface2d_layered_height","device__attribute_maximum_surface2d_layered_layers","device__attribute_maximum_surface2d_layered_width","device__attribute_maximum_surface2d_width","device__attribute_maximum_surface3d_depth","device__attribute_maximum_surface3d_height","device__attribute_maximum_surface3d_width","device__attribute_maximum_surfacecubemap_layered_layers","device__attribute_maximum_surfacecubemap_layered_width","device__attribute_maximum_surfacecubemap_width","device__attribute_maximum_texture1d_layered_layers","device__attribute_maximum_texture1d_layered_width","device__attribute_maximum_texture1d_linear_width","device__attribute_maximum_texture1d_mipmapped_width","device__attribute_maximum_texture1d_width","device__attribute_maximum_texture2d_gather_height","device__attribute_maximum_texture2d_gather_width","device__attribute_maximum_texture2d_height","device__attribute_maximum_texture2d_layered_height","device__attribute_maximum_texture2d_layered_layers","device__attribute_maximum_texture2d_layered_width","device__attribute_maximum_texture2d_linear_height","device__attribute_maximum_texture2d_linear_pitch","device__attribute_maximum_texture2d_linear_width","device__attribute_maximum_texture2d_mipmapped_height","device__attribute_maximum_texture2d_mipmapped_width","device__attribute_maximum_texture2d_width","device__attribute_maximum_texture3d_depth","device__attribute_maximum_texture3d_depth_alternate","device__attribute_maximum_texture3d_height","device__attribute_maximum_texture3d_height_alternate","device__attribute_maximum_texture3d_width","device__attribute_maximum_texture3d_width_alternate","device__attribute_maximum_texturecubemap_layered_layers","device__attribute_maximum_texturecubemap_layered_width","device__attribute_maximum_texturecubemap_width","device__attribute_mem_sync_domain_count","device__attribute_memory_clock_rate","device__attribute_memory_pools_supported","device__attribute_mempool_supported_handle_types","device__attribute_mps_enabled","device__attribute_multi_gpu_board","device__attribute_multi_gpu_board_group_id","device__attribute_multicast_supported","device__attribute_multiprocessor_count","device__attribute_num_l2s_per_fbp","device__attribute_num_schedulers_per_multiprocessor","device__attribute_num_tex_per_multiprocessor","device__attribute_numa_config","device__attribute_pageable_memory_access","device__attribute_pageable_memory_access_uses_host_page_tables","device__attribute_pci_bus_id","device__attribute_pci_device_id","device__attribute_pci_domain_id","device__attribute_ram_location","device__attribute_ram_type","device__attribute_reserved_shared_memory_per_block","device__attribute_sass_level","device__attribute_single_to_double_precision_perf_ratio","device__attribute_sparse_cuda_array_supported","device__attribute_stream_priorities_supported","device__attribute_surface_alignment","device__attribute_tcc_driver","device__attribute_tensor_map_access_supported","device__attribute_texture_alignment","device__attribute_texture_pitch_alignment","device__attribute_total_constant_memory","device__attribute_total_memory","device__attribute_unified_addressing","device__attribute_unified_function_pointers","device__attribute_virtual_address_management_supported","device__attribute_warp_size","dram__cycles_active.avg","dram__cycles_active.avg.pct_of_peak_sustained_elapsed","dram__cycles_active.max","dram__cycles_active.max.pct_of_peak_sustained_elapsed","dram__cycles_active.min","dram__cycles_active.min.pct_of_peak_sustained_elapsed","dram__cycles_active.sum","dram__cycles_active.sum.pct_of_peak_sustained_elapsed","dram__cycles_elapsed.avg","dram__cycles_elapsed.avg.per_second","dram__cycles_elapsed.max","dram__cycles_elapsed.max.per_second","dram__cycles_elapsed.min","dram__cycles_elapsed.min.per_second","dram__cycles_elapsed.sum","dram__cycles_elapsed.sum.per_second","fbpa__dram_sectors.avg.pct_of_peak_sustained_elapsed","fbpa__dram_sectors.max.pct_of_peak_sustained_elapsed","fbpa__dram_sectors.min.pct_of_peak_sustained_elapsed","fbpa__dram_sectors.sum.pct_of_peak_sustained_elapsed","gpc__cycles_elapsed.avg","gpc__cycles_elapsed.avg.per_second","gpc__cycles_elapsed.max","gpc__cycles_elapsed.max.per_second","gpc__cycles_elapsed.min","gpc__cycles_elapsed.min.per_second","gpc__cycles_elapsed.sum","gpc__cycles_elapsed.sum.per_second","gpu__compute_memory_access_throughput_internal_activity.avg.pct_of_peak_sustained_elapsed","gpu__compute_memory_access_throughput_internal_activity.max.pct_of_peak_sustained_elapsed","gpu__compute_memory_access_throughput_internal_activity.min.pct_of_peak_sustained_elapsed","gpu__compute_memory_access_throughput_internal_activity.sum.pct_of_peak_sustained_elapsed","gpu__compute_memory_request_throughput_internal_activity.avg.pct_of_peak_sustained_elapsed","gpu__compute_memory_request_throughput_internal_activity.max.pct_of_peak_sustained_elapsed","gpu__compute_memory_request_throughput_internal_activity.min.pct_of_peak_sustained_elapsed","gpu__compute_memory_request_throughput_internal_activity.sum.pct_of_peak_sustained_elapsed","gpu__compute_memory_throughput.avg.pct_of_peak_sustained_elapsed","gpu__compute_memory_throughput.max.pct_of_peak_sustained_elapsed","gpu__compute_memory_throughput.min.pct_of_peak_sustained_elapsed","gpu__compute_memory_throughput.sum.pct_of_peak_sustained_elapsed","gpu__dram_throughput.avg.pct_of_peak_sustained_elapsed","gpu__dram_throughput.max.pct_of_peak_sustained_elapsed","gpu__dram_throughput.min.pct_of_peak_sustained_elapsed","gpu__dram_throughput.sum.pct_of_peak_sustained_elapsed","gpu__time_duration.avg","gpu__time_duration.max","gpu__time_duration.min","gpu__time_duration.sum","idc__request_cycles_active.avg.pct_of_peak_sustained_elapsed","idc__request_cycles_active.max.pct_of_peak_sustained_elapsed","idc__request_cycles_active.min.pct_of_peak_sustained_elapsed","idc__request_cycles_active.sum.pct_of_peak_sustained_elapsed","l1tex__cycles_active.avg","l1tex__cycles_active.max","l1tex__cycles_active.min","l1tex__cycles_active.sum","l1tex__cycles_elapsed.avg","l1tex__cycles_elapsed.max","l1tex__cycles_elapsed.min","l1tex__cycles_elapsed.sum","l1tex__data_bank_reads.avg.pct_of_peak_sustained_elapsed","l1tex__data_bank_reads.max.pct_of_peak_sustained_elapsed","l1tex__data_bank_reads.min.pct_of_peak_sustained_elapsed","l1tex__data_bank_reads.sum.pct_of_peak_sustained_elapsed","l1tex__data_bank_writes.avg.pct_of_peak_sustained_elapsed","l1tex__data_bank_writes.max.pct_of_peak_sustained_elapsed","l1tex__data_bank_writes.min.pct_of_peak_sustained_elapsed","l1tex__data_bank_writes.sum.pct_of_peak_sustained_elapsed","l1tex__data_pipe_lsu_wavefronts.avg.pct_of_peak_sustained_elapsed","l1tex__data_pipe_lsu_wavefronts.max.pct_of_peak_sustained_elapsed","l1tex__data_pipe_lsu_wavefronts.min.pct_of_peak_sustained_elapsed","l1tex__data_pipe_lsu_wavefronts.sum.pct_of_peak_sustained_elapsed","l1tex__data_pipe_tex_wavefronts.avg.pct_of_peak_sustained_elapsed","l1tex__data_pipe_tex_wavefronts.max.pct_of_peak_sustained_elapsed","l1tex__data_pipe_tex_wavefronts.min.pct_of_peak_sustained_elapsed","l1tex__data_pipe_tex_wavefronts.sum.pct_of_peak_sustained_elapsed","l1tex__f_wavefronts.avg.pct_of_peak_sustained_elapsed","l1tex__f_wavefronts.max.pct_of_peak_sustained_elapsed","l1tex__f_wavefronts.min.pct_of_peak_sustained_elapsed","l1tex__f_wavefronts.sum.pct_of_peak_sustained_elapsed","l1tex__lsu_writeback_active.avg.pct_of_peak_sustained_elapsed","l1tex__lsu_writeback_active.max.pct_of_peak_sustained_elapsed","l1tex__lsu_writeback_active.min.pct_of_peak_sustained_elapsed","l1tex__lsu_writeback_active.sum.pct_of_peak_sustained_elapsed","l1tex__lsuin_requests.avg.pct_of_peak_sustained_elapsed","l1tex__lsuin_requests.max.pct_of_peak_sustained_elapsed","l1tex__lsuin_requests.min.pct_of_peak_sustained_elapsed","l1tex__lsuin_requests.sum.pct_of_peak_sustained_elapsed","l1tex__m_l1tex2xbar_req_cycles_active.avg.pct_of_peak_sustained_elapsed","l1tex__m_l1tex2xbar_req_cycles_active.max.pct_of_peak_sustained_elapsed","l1tex__m_l1tex2xbar_req_cycles_active.min.pct_of_peak_sustained_elapsed","l1tex__m_l1tex2xbar_req_cycles_active.sum.pct_of_peak_sustained_elapsed","l1tex__m_xbar2l1tex_read_sectors.avg.pct_of_peak_sustained_elapsed","l1tex__m_xbar2l1tex_read_sectors.max.pct_of_peak_sustained_elapsed","l1tex__m_xbar2l1tex_read_sectors.min.pct_of_peak_sustained_elapsed","l1tex__m_xbar2l1tex_read_sectors.sum.pct_of_peak_sustained_elapsed","l1tex__tex_writeback_active.avg.pct_of_peak_sustained_elapsed","l1tex__tex_writeback_active.max.pct_of_peak_sustained_elapsed","l1tex__tex_writeback_active.min.pct_of_peak_sustained_elapsed","l1tex__tex_writeback_active.sum.pct_of_peak_sustained_elapsed","l1tex__texin_sm2tex_req_cycles_active.avg.pct_of_peak_sustained_elapsed","l1tex__texin_sm2tex_req_cycles_active.max.pct_of_peak_sustained_elapsed","l1tex__texin_sm2tex_req_cycles_active.min.pct_of_peak_sustained_elapsed","l1tex__texin_sm2tex_req_cycles_active.sum.pct_of_peak_sustained_elapsed","l1tex__throughput.avg.pct_of_peak_sustained_active","l1tex__throughput.max.pct_of_peak_sustained_active","l1tex__throughput.min.pct_of_peak_sustained_active","l1tex__throughput.sum.pct_of_peak_sustained_active","launch__barrier_count","launch__block_dim_x","launch__block_dim_y","launch__block_dim_z","launch__block_size","launch__context_id","launch__device_id","launch__func_cache_config","launch__function_pcs","launch__grid_dim_x","launch__grid_dim_y","launch__grid_dim_z","launch__grid_size","launch__kernel_name","launch__occupancy_limit_blocks","launch__occupancy_limit_registers","launch__occupancy_limit_shared_mem","launch__occupancy_limit_warps","launch__occupancy_per_block_size","launch__occupancy_per_register_count","launch__occupancy_per_shared_mem_size","launch__registers_per_thread","launch__registers_per_thread_allocated","launch__shared_mem_config_size","launch__shared_mem_per_block","launch__shared_mem_per_block_allocated","launch__shared_mem_per_block_driver","launch__shared_mem_per_block_dynamic","launch__shared_mem_per_block_static","launch__sm_count","launch__stack_size","launch__stream_id","launch__thread_count","launch__tpc_count","launch__tpc_enabled","launch__uses_cdp","launch__uses_green_context","launch__uses_vgpu","launch__waves_per_multiprocessor","lts__cycles_active.avg","lts__cycles_active.max","lts__cycles_active.min","lts__cycles_active.sum","lts__cycles_elapsed.avg","lts__cycles_elapsed.max","lts__cycles_elapsed.min","lts__cycles_elapsed.sum","lts__d_atomic_input_cycles_active.avg.pct_of_peak_sustained_elapsed","lts__d_atomic_input_cycles_active.max.pct_of_peak_sustained_elapsed","lts__d_atomic_input_cycles_active.min.pct_of_peak_sustained_elapsed","lts__d_atomic_input_cycles_active.sum.pct_of_peak_sustained_elapsed","lts__d_sectors.avg.pct_of_peak_sustained_elapsed","lts__d_sectors.max.pct_of_peak_sustained_elapsed","lts__d_sectors.min.pct_of_peak_sustained_elapsed","lts__d_sectors.sum.pct_of_peak_sustained_elapsed","lts__d_sectors_fill_device.avg.pct_of_peak_sustained_elapsed","lts__d_sectors_fill_device.max.pct_of_peak_sustained_elapsed","lts__d_sectors_fill_device.min.pct_of_peak_sustained_elapsed","lts__d_sectors_fill_device.sum.pct_of_peak_sustained_elapsed","lts__d_sectors_fill_sysmem.avg.pct_of_peak_sustained_elapsed","lts__d_sectors_fill_sysmem.max.pct_of_peak_sustained_elapsed","lts__d_sectors_fill_sysmem.min.pct_of_peak_sustained_elapsed","lts__d_sectors_fill_sysmem.sum.pct_of_peak_sustained_elapsed","lts__lts2xbar_cycles_active.avg.pct_of_peak_sustained_elapsed","lts__lts2xbar_cycles_active.max.pct_of_peak_sustained_elapsed","lts__lts2xbar_cycles_active.min.pct_of_peak_sustained_elapsed","lts__lts2xbar_cycles_active.sum.pct_of_peak_sustained_elapsed","lts__t_sectors.avg.pct_of_peak_sustained_elapsed","lts__t_sectors.max.pct_of_peak_sustained_elapsed","lts__t_sectors.min.pct_of_peak_sustained_elapsed","lts__t_sectors.sum.pct_of_peak_sustained_elapsed","lts__t_tag_requests.avg.pct_of_peak_sustained_elapsed","lts__t_tag_requests.max.pct_of_peak_sustained_elapsed","lts__t_tag_requests.min.pct_of_peak_sustained_elapsed","lts__t_tag_requests.sum.pct_of_peak_sustained_elapsed","lts__throughput.avg.pct_of_peak_sustained_elapsed","lts__throughput.max.pct_of_peak_sustained_elapsed","lts__throughput.min.pct_of_peak_sustained_elapsed","lts__throughput.sum.pct_of_peak_sustained_elapsed","lts__xbar2lts_cycles_active.avg.pct_of_peak_sustained_elapsed","lts__xbar2lts_cycles_active.max.pct_of_peak_sustained_elapsed","lts__xbar2lts_cycles_active.min.pct_of_peak_sustained_elapsed","lts__xbar2lts_cycles_active.sum.pct_of_peak_sustained_elapsed","numa__cpu_affinity","numa__dev_display_name_all","numa__id_cpu","numa__id_memory","nvlink__bandwidth","nvlink__count_logical","nvlink__count_physical","nvlink__destination_ports","nvlink__dev0Id","nvlink__dev0type","nvlink__dev1Id","nvlink__dev1type","nvlink__dev_display_name_all","nvlink__enabled_mask","nvlink__is_direct_link","nvlink__is_nvswitch_connected","nvlink__max_count","nvlink__peer_access","nvlink__peer_atomic","nvlink__source_ports","nvlink__system_access","nvlink__system_atomic","profiler__perfworks_session_reuse","profiler__replayer_bytes_mem_accessible.avg","profiler__replayer_bytes_mem_accessible.max","profiler__replayer_bytes_mem_accessible.min","profiler__replayer_bytes_mem_accessible.sum","profiler__replayer_bytes_mem_backed_up.avg","profiler__replayer_bytes_mem_backed_up.max","profiler__replayer_bytes_mem_backed_up.min","profiler__replayer_bytes_mem_backed_up.sum","profiler__replayer_passes","profiler__replayer_passes_type_warmup","sm__cycles_active.avg","sm__cycles_active.max","sm__cycles_active.min","sm__cycles_active.sum","sm__cycles_elapsed.avg","sm__cycles_elapsed.max","sm__cycles_elapsed.min","sm__cycles_elapsed.sum","sm__inst_executed.avg.pct_of_peak_sustained_elapsed","sm__inst_executed.max.pct_of_peak_sustained_elapsed","sm__inst_executed.min.pct_of_peak_sustained_elapsed","sm__inst_executed.sum.pct_of_peak_sustained_elapsed","sm__inst_executed_pipe_adu.avg.pct_of_peak_sustained_elapsed","sm__inst_executed_pipe_adu.max.pct_of_peak_sustained_elapsed","sm__inst_executed_pipe_adu.min.pct_of_peak_sustained_elapsed","sm__inst_executed_pipe_adu.sum.pct_of_peak_sustained_elapsed","sm__inst_executed_pipe_cbu_pred_on_any.avg.pct_of_peak_sustained_elapsed","sm__inst_executed_pipe_cbu_pred_on_any.max.pct_of_peak_sustained_elapsed","sm__inst_executed_pipe_cbu_pred_on_any.min.pct_of_peak_sustained_elapsed","sm__inst_executed_pipe_cbu_pred_on_any.sum.pct_of_peak_sustained_elapsed","sm__inst_executed_pipe_fp16.avg.pct_of_peak_sustained_elapsed","sm__inst_executed_pipe_fp16.max.pct_of_peak_sustained_elapsed","sm__inst_executed_pipe_fp16.min.pct_of_peak_sustained_elapsed","sm__inst_executed_pipe_fp16.sum.pct_of_peak_sustained_elapsed","sm__inst_executed_pipe_ipa.avg.pct_of_peak_sustained_elapsed","sm__inst_executed_pipe_ipa.max.pct_of_peak_sustained_elapsed","sm__inst_executed_pipe_ipa.min.pct_of_peak_sustained_elapsed","sm__inst_executed_pipe_ipa.sum.pct_of_peak_sustained_elapsed","sm__inst_executed_pipe_lsu.avg.pct_of_peak_sustained_elapsed","sm__inst_executed_pipe_lsu.max.pct_of_peak_sustained_elapsed","sm__inst_executed_pipe_lsu.min.pct_of_peak_sustained_elapsed","sm__inst_executed_pipe_lsu.sum.pct_of_peak_sustained_elapsed","sm__inst_executed_pipe_tex.avg.pct_of_peak_sustained_elapsed","sm__inst_executed_pipe_tex.max.pct_of_peak_sustained_elapsed","sm__inst_executed_pipe_tex.min.pct_of_peak_sustained_elapsed","sm__inst_executed_pipe_tex.sum.pct_of_peak_sustained_elapsed","sm__inst_executed_pipe_uniform.avg.pct_of_peak_sustained_elapsed","sm__inst_executed_pipe_uniform.max.pct_of_peak_sustained_elapsed","sm__inst_executed_pipe_uniform.min.pct_of_peak_sustained_elapsed","sm__inst_executed_pipe_uniform.sum.pct_of_peak_sustained_elapsed","sm__inst_executed_pipe_xu.avg.pct_of_peak_sustained_elapsed","sm__inst_executed_pipe_xu.max.pct_of_peak_sustained_elapsed","sm__inst_executed_pipe_xu.min.pct_of_peak_sustained_elapsed","sm__inst_executed_pipe_xu.sum.pct_of_peak_sustained_elapsed","sm__instruction_throughput_internal_activity.avg.pct_of_peak_sustained_elapsed","sm__instruction_throughput_internal_activity.max.pct_of_peak_sustained_elapsed","sm__instruction_throughput_internal_activity.min.pct_of_peak_sustained_elapsed","sm__instruction_throughput_internal_activity.sum.pct_of_peak_sustained_elapsed","sm__issue_active.avg.pct_of_peak_sustained_elapsed","sm__issue_active.max.pct_of_peak_sustained_elapsed","sm__issue_active.min.pct_of_peak_sustained_elapsed","sm__issue_active.sum.pct_of_peak_sustained_elapsed","sm__maximum_warps_avg_per_active_cycle","sm__maximum_warps_per_active_cycle_pct","sm__memory_throughput_internal_activity.avg.pct_of_peak_sustained_elapsed","sm__memory_throughput_internal_activity.max.pct_of_peak_sustained_elapsed","sm__memory_throughput_internal_activity.min.pct_of_peak_sustained_elapsed","sm__memory_throughput_internal_activity.sum.pct_of_peak_sustained_elapsed","sm__mio2rf_writeback_active.avg.pct_of_peak_sustained_elapsed","sm__mio2rf_writeback_active.max.pct_of_peak_sustained_elapsed","sm__mio2rf_writeback_active.min.pct_of_peak_sustained_elapsed","sm__mio2rf_writeback_active.sum.pct_of_peak_sustained_elapsed","sm__mio_inst_issued.avg.pct_of_peak_sustained_elapsed","sm__mio_inst_issued.max.pct_of_peak_sustained_elapsed","sm__mio_inst_issued.min.pct_of_peak_sustained_elapsed","sm__mio_inst_issued.sum.pct_of_peak_sustained_elapsed","sm__mio_pq_read_cycles_active.avg.pct_of_peak_sustained_elapsed","sm__mio_pq_read_cycles_active.max.pct_of_peak_sustained_elapsed","sm__mio_pq_read_cycles_active.min.pct_of_peak_sustained_elapsed","sm__mio_pq_read_cycles_active.sum.pct_of_peak_sustained_elapsed","sm__mio_pq_write_cycles_active.avg.pct_of_peak_sustained_elapsed","sm__mio_pq_write_cycles_active.max.pct_of_peak_sustained_elapsed","sm__mio_pq_write_cycles_active.min.pct_of_peak_sustained_elapsed","sm__mio_pq_write_cycles_active.sum.pct_of_peak_sustained_elapsed","sm__pipe_alu_cycles_active.avg.pct_of_peak_sustained_elapsed","sm__pipe_alu_cycles_active.max.pct_of_peak_sustained_elapsed","sm__pipe_alu_cycles_active.min.pct_of_peak_sustained_elapsed","sm__pipe_alu_cycles_active.sum.pct_of_peak_sustained_elapsed","sm__pipe_fma_cycles_active.avg.pct_of_peak_sustained_elapsed","sm__pipe_fma_cycles_active.max.pct_of_peak_sustained_elapsed","sm__pipe_fma_cycles_active.min.pct_of_peak_sustained_elapsed","sm__pipe_fma_cycles_active.sum.pct_of_peak_sustained_elapsed","sm__pipe_fp64_cycles_active.avg.pct_of_peak_sustained_elapsed","sm__pipe_fp64_cycles_active.max.pct_of_peak_sustained_elapsed","sm__pipe_fp64_cycles_active.min.pct_of_peak_sustained_elapsed","sm__pipe_fp64_cycles_active.sum.pct_of_peak_sustained_elapsed","sm__pipe_shared_cycles_active.avg.pct_of_peak_sustained_elapsed","sm__pipe_shared_cycles_active.max.pct_of_peak_sustained_elapsed","sm__pipe_shared_cycles_active.min.pct_of_peak_sustained_elapsed","sm__pipe_shared_cycles_active.sum.pct_of_peak_sustained_elapsed","sm__pipe_tensor_cycles_active.avg.pct_of_peak_sustained_elapsed","sm__pipe_tensor_cycles_active.max.pct_of_peak_sustained_elapsed","sm__pipe_tensor_cycles_active.min.pct_of_peak_sustained_elapsed","sm__pipe_tensor_cycles_active.sum.pct_of_peak_sustained_elapsed","sm__throughput.avg.pct_of_peak_sustained_elapsed","sm__throughput.max.pct_of_peak_sustained_elapsed","sm__throughput.min.pct_of_peak_sustained_elapsed","sm__throughput.sum.pct_of_peak_sustained_elapsed","sm__warps_active.avg.pct_of_peak_sustained_active","sm__warps_active.avg.per_cycle_active","sm__warps_active.max.pct_of_peak_sustained_active","sm__warps_active.max.per_cycle_active","sm__warps_active.min.pct_of_peak_sustained_active","sm__warps_active.min.per_cycle_active","sm__warps_active.sum.pct_of_peak_sustained_active","sm__warps_active.sum.per_cycle_active","smsp__cycles_active.avg","smsp__cycles_active.max","smsp__cycles_active.min","smsp__cycles_active.sum","smsp__cycles_elapsed.avg","smsp__cycles_elapsed.max","smsp__cycles_elapsed.min","smsp__cycles_elapsed.sum","smsp__maximum_warps_avg_per_active_cycle","smsp__warps_active.avg.peak_sustained","smsp__warps_active.max.peak_sustained","smsp__warps_active.min.peak_sustained","smsp__warps_active.sum.peak_sustained"
"","","","","","","","","","","","","","%","%/register","%/byte","","","","","","","","","","","","","","","","","","","","","","","","","","","","","","","","","","","","","","","","","","","","","","","","","","","","","","","","","","","","","","","","","","","","","","","","","","","","","","","","","","","","","","","","","","","","","","","","","","","","","","","","","","","","","","","","","","","","","","","","","","","","","","","","","","","","","","","","","","","","","","","","","","","","","","","","","","","","","","","","","","","","","","","","cycle","%","cycle","%","cycle","%","cycle","%","cycle","hz","cycle","hz","cycle","hz","cycle","hz","%","%","%","%","cycle","hz","cycle","hz","cycle","hz","cycle","hz","%","%","%","%","%","%","%","%","%","%","%","%","%","%","%","%","ns","ns","ns","ns","%","%","%","%","cycle","cycle","cycle","cycle","cycle","cycle","cycle","cycle","%","%","%","%","%","%","%","%","%","%","%","%","%","%","%","%","%","%","%","%","%","%","%","%","%","%","%","%","%","%","%","%","%","%","%","%","%","%","%","%","%","%","%","%","%","%","%","%","","block","block","block","","","","","","","","","","","block","block","block","block","","","","register/thread","register/thread","byte","byte/block","byte/block","byte/block","byte/block","byte/block","SM","","","thread","","","","","","","cycle","cycle","cycle","cycle","cycle","cycle","cycle","cycle","%","%","%","%","%","%","%","%","%","%","%","%","%","%","%","%","%","%","%","%","%","%","%","%","%","%","%","%","%","%","%","%","%","%","%","%","","","","","","","","","","","","","","","","","","","","","","","","byte","byte","byte","byte","byte","byte","byte","byte","pass","pass","cycle","cycle","cycle","cycle","cycle","cycle","cycle","cycle","%","%","%","%","%","%","%","%","%","%","%","%","%","%","%","%","%","%","%","%","%","%","%","%","%","%","%","%","%","%","%","%","%","%","%","%","%","%","%","%","%","%","%","%","warp","%","%","%","%","%","%","%","%","%","%","%","%","%","%","%","%","%","%","%","%","%","%","%","%","%","%","%","%","%","%","%","%","%","%","%","%","%","%","%","%","%","%","%","%","%","%","warp","%","warp","%","warp","%","warp","cycle","cycle","cycle","cycle","cycle","cycle","cycle","cycle","warp","warp","warp","warp","warp"
"0","6061","profile_driver","127.0.0.1","void phase1_scan<WarpShuffle>(const float *, const float *, float *, float *, float *, float *, int, int)","1","7","(1024, 1, 1)","(4, 16, 1)","0","8.0","0","0","3,996","4,900","19,600","1,254,400","368","8","0","1","1","1","0","1","0","1","0","368","1,410,000","0","8","0","0","1","1","1","No-CC","1","1","1","0","0","NVIDIA A100-SXM4-40GB","1","1","5,120","10","1","1","5,120","1","1","1","0","1","548,409,566","8,368","0","0","3","3","16,000","16","161","323,948,766","1","1","0","0","0","0","1","368","0","1","0","41,943,040","80","32","54","1","1","134,213,632","1,024","1,024","64","32","1,410,000","2,147,483,647","65,535","65,535","4","1","1,215,000","26,214,400","2,147,483,647","65,536","65,536","255","49,152","166,912","167,936","1,024","2,048","64","16","2,048","32,768","32,768","65,536","32,768","2,048","32,768","131,072","16,384","16,384","16,384","2,046","32,768","32,768","2,048","32,768","268,435,456","32,768","131,072","32,768","32,768","65,536","32,768","2,048","32,768","65,000","2,097,120","131,072","32,768","32,768","131,072","16,384","32,768","16,384","8,192","16,384","8,192","2,046","32,768","32,768","1","1,215,000","1","9","0","0","0","0","108","8","4","1","0","0","0","0","4","0","1","15","1,024","8","2","1","1","512","0","0","512","32","65,536","42,405,855,232","1","0","1","32","414.30","6.53","504","7.94","384","6.05","16,572","6.53","6,348.80","1,195,180,722.89","6,400","1,204,819,277.11","6,272","1,180,722,891.57","253,952","47,807,228,915.66","3.78","4.34","3.50","3.78","5,724.71","1,077,694,707.40","5,730","1,078,689,759.04","5,715","1,075,865,963.86","40,073","7,543,862,951.81","4.10","8.21","3.17","4.10","0","0","0","0","9.99","17.02","6.05","9.99","6.53","7.94","6.05","6.53","5,312","5,312","5,312","5,312","0","0","0","0","1,978.83","3,550","0","213,714","5,786.72","5,802","5,773","624,966","1.33","2.25","0","1.33","1.33","2.25","0","1.33","9.99","17.02","0","9.99","0","0","0","0","0.10","0.10","0.10","0.10","6.67","11.25","0","6.67","9.68","16.33","0","9.68","3.19","5.41","0.07","3.19","1.31","2.21","0","1.31","0","0","0","0","0.14","0.17","0.10","0.14","29.20","49.78","0.30","29.20","1","1,024","1","1","1,024","1","0","CachePreferNone","1","4","16","1","64","","32","2","3","2","2,577","3,136","12,544","20","24","65,536","17,680","17,792","1,024","16,384","272","108","1,024","7","65,536","54","all","0","0","0","0.30","1,893.95","2,621","1,532","151,516","5,482","5,482","5,482","438,560","0","0","0","0","4.35","5.80","3.39","4.35","3.78","4.67","3.50","3.78","0","0","0","0","2.28","3.91","1.38","2.28","4.41","5.64","3.47","4.41","4.05","6.53","3.17","4.05","11.00","13.08","9.19","11.00","5.29","8.12","3.70","5.29","1","1","1","1","0","0","0","0","0","0","0","0","1","0","0","0","12","0","0","0","0","0","0","9,961,808","9,961,808","9,961,808","99,618,080","9,961,808","9,961,808","9,961,808","99,618,080","10","0","1,978.83","3,550","0","213,714","5,786.72","5,802","5,773","624,966","8.47","14.29","0","8.47","4.61","7.78","0","4.61","1.98","3.34","0","1.98","0","0","0","0","0","0","0","0","9.68","16.33","0","9.68","0","0","0","0","0.16","0.28","0","0.16","0","0","0","0","0","0","0","0","9.13","15.41","0","9.13","64","100","0","0","0","0","3.83","6.46","0","3.83","5.99","10.11","0","5.99","6.05","10.21","0","6.05","6.06","10.23","0","6.06","4.62","7.80","0","4.62","4.51","7.60","0","4.51","0","0","0","0","0.49","0.83","0","0.49","0.49","0.83","0","0.49","9.68","16.33","0","9.68","47.72","30.54","86.94","55.64","0","0","47.72","3,298.12","1,940.61","3,577","0","838,344","5,786.72","5,802","5,773","2,499,864","16","16","16","16","6,912"
"1","6061","profile_driver","127.0.0.1","void phase2_scan_totals<WarpShuffle>(float *, float *, int)","1","7","(1024, 1, 1)","(16, 1, 1)","0","8.0","0","0","3,996","4,900","19,600","1,254,400","368","8","0","1","1","1","0","1","0","1","0","368","1,410,000","0","8","0","0","1","1","1","No-CC","1","1","1","0","0","NVIDIA A100-SXM4-40GB","1","1","5,120","10","1","1","5,120","1","1","1","0","1","548,409,566","8,368","0","0","3","3","16,000","16","161","323,948,766","1","1","0","0","0","0","1","368","0","1","0","41,943,040","80","32","54","1","1","134,213,632","1,024","1,024","64","32","1,410,000","2,147,483,647","65,535","65,535","4","1","1,215,000","26,214,400","2,147,483,647","65,536","65,536","255","49,152","166,912","167,936","1,024","2,048","64","16","2,048","32,768","32,768","65,536","32,768","2,048","32,768","131,072","16,384","16,384","16,384","2,046","32,768","32,768","2,048","32,768","268,435,456","32,768","131,072","32,768","32,768","65,536","32,768","2,048","32,768","65,000","2,097,120","131,072","32,768","32,768","131,072","16,384","32,768","16,384","8,192","16,384","8,192","2,046","32,768","32,768","1","1,215,000","1","9","0","0","0","0","108","8","4","1","0","0","0","0","4","0","1","15","1,024","8","2","1","1","512","0","0","512","32","65,536","42,405,855,232","1","0","1","32","5","0.10","48","0.93","0","0","200","0.10","5,184","1,191,176,470.59","5,248","1,205,882,352.94","5,120","1,176,470,588.24","207,360","47,647,058,823.53","0.06","0.27","0","0.06","4,687.29","1,077,041,754.20","4,706","1,081,341,911.76","4,679","1,075,137,867.65","32,811","7,539,292,279.41","0.40","1.38","0.22","0.40","0","0","0","0","2.41","16.24","0.25","2.41","0.10","0.93","0","0.10","4,352","4,352","4,352","4,352","0","0","0","0","389.07","2,665","0","42,020","4,715.69","4,730","4,712","509,294","0.00","0.03","0","0.00","0.10","0.69","0","0.10","2.41","16.24","0","2.41","0","0","0","0","0.13","0.13","0.13","0.13","1.36","9.16","0","1.36","2.37","15.99","0","2.37","0.10","0.21","0.08","0.10","0.00","0.02","0","0.00","0","0","0","0","0.14","0.21","0.13","0.14","29.17","196.88","1.54","29.17","1","1,024","1","1","1,024","1","0","CachePreferNone","1","16","1","1","16","","32","2","3","2","2,577","3,136","12,544","22","24","65,536","17,664","17,664","1,024","16,384","256","108","1,024","7","16,384","54","all","0","0","0","0.07","228.39","969","75","18,271","4,494","4,494","4,494","359,520","0","0","0","0","0.13","0.67","0","0.13","0.05","0.53","0","0.05","0","0","0","0","0.31","1.18","0.11","0.31","0.42","1.01","0.25","0.42","0.39","1.38","0.22","0.39","0.42","1.38","0.25","0.42","0.38","1.02","0.22","0.38","1","1","1","1","0","0","0","0","0","0","0","0","1","0","0","0","12","0","0","0","0","0","0","9,961,808","9,961,808","9,961,808","99,618,080","9,961,808","9,961,808","9,961,808","99,618,080","10","0","389.07","2,665","0","42,020","4,715.69","4,730","4,712","509,294","2.07","13.95","0","2.07","1.01","6.79","0","1.01","0.41","2.74","0","0.41","0","0","0","0","0","0","0","0","2.37","15.99","0","2.37","0","0","0","0","0.25","1.70","0","0.25","0","0","0","0","0","0","0","0","2.22","14.99","0","2.22","64","100","0","0","0","0","0.73","4.92","0","0.73","1.44","9.69","0","1.44","1.26","8.52","0","1.26","1.26","8.52","0","1.26","1.07","7.20","0","1.07","1.02","6.91","0","1.02","0","0","0","0","0.15","1.02","0","0.15","0.15","1.02","0","0.15","2.37","15.99","0","2.37","47.87","30.64","330.32","211.40","0","0","47.87","3,308.63","377.48","2,666","0","163,072","4,715.69","4,730","4,712","2,037,176","16","16","16","16","6,912"
"2","6061","profile_driver","127.0.0.1","phase3_propagate(float *, float *, const float *, const float *, int, int)","1","7","(1024, 1, 1)","(4, 16, 1)","0","8.0","0","0","5,100","4,900","5,300","339,200","368","8","0","1","1","1","0","1","0","1","0","368","1,410,000","0","8","0","0","1","1","1","No-CC","1","1","1","0","0","NVIDIA A100-SXM4-40GB","1","1","5,120","10","1","1","5,120","1","1","1","0","1","548,409,566","8,368","0","0","3","3","16,000","16","161","323,948,766","1","1","0","0","0","0","1","368","0","1","0","41,943,040","80","32","54","1","1","134,213,632","1,024","1,024","64","32","1,410,000","2,147,483,647","65,535","65,535","4","1","1,215,000","26,214,400","2,147,483,647","65,536","65,536","255","49,152","166,912","167,936","1,024","2,048","64","16","2,048","32,768","32,768","65,536","32,768","2,048","32,768","131,072","16,384","16,384","16,384","2,046","32,768","32,768","2,048","32,768","268,435,456","32,768","131,072","32,768","32,768","65,536","32,768","2,048","32,768","65,000","2,097,120","131,072","32,768","32,768","131,072","16,384","32,768","16,384","8,192","16,384","8,192","2,046","32,768","32,768","1","1,215,000","1","9","0","0","0","0","108","8","4","1","0","0","0","0","4","0","1","15","1,024","8","2","1","1","512","0","0","512","32","65,536","42,405,855,232","1","0","1","32","309.90","6.24","416","8.38","256","5.15","12,396","6.24","4,966.40","1,203,100,775.19","4,992","1,209,302,325.58","4,864","1,178,294,573.64","198,656","48,124,031,007.75","3.63","4.68","2.99","3.63","4,461.29","1,080,737,818.38","4,480","1,085,271,317.83","4,448","1,077,519,379.84","31,229","7,565,164,728.68","3.77","5.38","2.81","3.77","0","0","0","0","6.24","8.38","5.15","6.24","6.24","8.38","5.15","6.24","4,128","4,128","4,128","4,128","0","0","0","0","1,044.51","2,332","0","112,807","4,323.30","4,338","4,312","466,916","0.67","1.50","0","0.67","0.66","1.49","0","0.66","2.76","6.36","0","2.76","0","0","0","0","0.14","0.14","0.14","0.14","1.75","3.70","0","1.75","2.41","5.18","0","2.41","3.16","7.05","0.12","3.16","1.33","2.98","0","1.33","0","0","0","0","0.14","0.14","0.14","0.14","13.08","29.20","0.57","13.08","0","1,024","1","1","1,024","1","0","CachePreferNone","1","4","16","1","64","","32","4","8","2","3,282","3,136","3,392","16","16","8,192","1,024","1,024","1,024","0","0","108","1,024","7","65,536","54","all","0","0","0","0.30","1,637.76","2,024","1,420","131,021","4,274","4,274","4,274","341,920","0","0","0","0","4.09","5.57","2.76","4.09","3.63","4.87","2.99","3.63","0","0","0","0","2.16","3.65","1.31","2.16","4.20","5.64","2.99","4.20","3.76","5.94","2.71","3.76","10.35","11.70","8.98","10.35","4.97","7.16","3.09","4.97","1","1","1","1","0","0","0","0","0","0","0","0","1","0","0","0","12","0","0","0","0","0","0","9,961,808","9,961,808","9,961,808","99,618,080","9,961,808","9,961,808","9,961,808","99,618,080","10","0","1,044.51","2,332","0","112,807","4,323.30","4,338","4,312","466,916","2.33","4.81","0","2.33","1.54","2.96","0","1.54","0.44","0.74","0","0.44","0","0","0","0","0","0","0","0","2.41","5.18","0","2.41","0","0","0","0","0.16","0.37","0","0.16","0","0","0","0","0","0","0","0","2.93","5.96","0","2.93","64","100","0","0","0","0","1.26","2.59","0","1.26","1.59","3.33","0","1.59","0.66","1.48","0","0.66","0.66","1.48","0","0.66","1.04","1.85","0","1.04","1.32","2.96","0","1.32","0","0","0","0","0.16","0.37","0","0.16","0.16","0.37","0","0.16","2.93","5.96","0","2.93","45.87","29.36","99.90","63.94","0","0","45.87","3,170.35","1,001.87","2,205","0","432,807","4,323.30","4,338","4,312","1,867,664","16","16","16","16","6,912"
